sample: 1100
mean: 7.889536
sd: 1.56288
iterations: 1000
